 46.867001  48.169861  47.417699 
 46.578586  48.188113  47.533347 
 46.515776  48.410263  47.848999 
 46.393114  48.232934  47.826567 
 46.357630  48.538542  47.702498 
 46.439110  48.585333  47.928801 
 46.722134  48.084545  47.716760 
 46.229476  48.165981  49.024660 
 46.410468  47.634727  49.136989 
 46.635066  47.622320  49.284548 
 46.106540  48.104106  49.222818 
 46.755308  46.764432  49.436340 
 46.187331  47.254473  49.212242 
 45.937918  48.128990  49.123917 
 45.880751  47.695516  49.267020 
 45.654932  48.025424  48.808805 
 45.372030  48.409500  48.773072 
 45.846522  48.439994  48.724606 
 46.030919  47.618749  48.955221 
 45.606450  47.620069  49.379927 
 45.769829  48.343411  49.721864 
 45.770579  48.457977  49.148229 
 46.058217  48.503655  48.483840 
 45.294228  48.763278  50.224330 
 45.221938  48.785050  50.337428 
 45.233714  49.141887  50.431744 
 45.446723  48.650379  50.985701 
 45.581130  49.564703  50.656311 
 45.793349  48.584078  51.386666 
 45.403562  48.797257  51.476149 
 45.917320  49.636348  52.117489 
 46.172639  49.457689  52.678129 
 45.585100  49.483207  52.478101 
 45.742227  48.830171  52.273411 
 45.109293  49.647106  51.599475 
 45.218740  49.834705  51.553826 
 45.287397  50.080831  51.554948 
 45.428905  49.625601  51.364708 
 45.077608  49.657856  50.419244 
 45.118869  49.503209  50.576392 
 45.186252  48.938051  50.488874 
 45.290792  49.163861  50.162196 
 45.592367  48.641067  50.398926 
 45.014338  49.743990  50.921523 
 45.257560  49.862214  49.877532 
 45.433234  49.398770  50.481294 
 45.565013  49.116441  49.999776 
 45.779146  49.627811  50.064022 
 45.668539  50.413414  49.679982 
 45.767815  50.054980  49.716959 
 45.642739  50.105182  50.090386 
 45.610208  49.550799  49.934591 
 45.789182  49.564614  50.267414 
 45.768869  50.203733  50.536863 
 45.954795  50.630987  50.943082 
 45.744613  50.485879  50.132969 
 45.778901  49.961080  50.940868 
 45.837969  49.940373  50.222796 
 45.651673  50.362958  50.287885 
 45.396841  49.709846  49.988021 
 45.875356  48.046981  49.900255 
 45.713878  48.102342  49.896360 
 45.967016  47.962307  49.468043 
 46.289982  48.203468  48.503775 
 45.462431  48.460263  49.380758 
 45.811404  48.766514  49.179538 
 45.507811  48.883884  48.959801 
 45.376759  48.581189  48.925811 
 45.915978  48.791005  48.453343 
 45.674912  49.046726  48.953607 
 45.775546  48.841912  48.679762 
 45.500845  48.851470  48.629570 
 46.005213  49.251572  48.802136 
 45.938205  49.237561  48.333576 
 45.812671  48.732803  49.592578 
 45.617515  49.411662  48.691877 
 45.462813  49.864847  49.111403 
 45.740001  49.738080  48.943523 
 46.039557  48.987345  48.023744 
 46.789774  48.284734  47.552885 
 46.917444  48.298288  47.793319 
